nouosque 93

nubes 59, 288, 333

nubila 235

nubilus 288, 312

nulla 129, 156, 487,

nullas 427

nullis 622

nullum 275

nullus 215

numerosa 38, 296

numerus 579

1101111112 85, 338, 640

numquam 345, 532,

1111110 70, 170 bz's‚187,
200, 201. 218, 258,
384, 388, 389, 429,
488, 572, 575, 576,
586, 593, 594, 595,

596
11011121 279, 385

11111111 412, 437
nympha 112

Ο

0 631
obesa 434
obliquos 637
obliquum 3803 —que
152
obnoxia 285, 546
obrepit 239
01111111 72
obruta 508
obscura 333, 608
obscuri 536
obsequitur 337
obstant 183
obstantia 113, 149
obstat 486, 548
00025115 124, 228
occulta 126
occultamque 145
occultas 178
00011110 205, 274

 

ΑΕΤΝΑ

0000110111 179

occurrit 448

0000150 376

00011 547; —que 190

000115 136, 179, 223,
330, 394

oculorum 348

0011105 86

odor 526

Ogygiis 572

oleae 267

011111 43, 102

oliuae 14

Olympus 49

omen 174

omne 257

01111105 208

0111111 155

onmia 115, 195, 205,
464, 487, 527, 538

01111115 91, 96, 97,100,
ῙΟ9, 162, 479

operae 371, 561

0901212 381

09011 25

090115 1851), 218, 527,

090111 206

operosaque 567

09010111 142, 193, 597

(1Ρὲ5 370, 427, 489,

14

opibus 481, 555

09905111 379

09111112 623

OPUS 32, 117, Ι59,
168, 169, 184, 187,
215, 255, 275, 293,
335, 457, 599

ora 159, 351
orbe 239

orbem 83

orbes 46, 231

orbis 94

orbita 230

ordine 136, 233

010 57, 125
250

Orion 245
Ossa 49

055211 49
05110 332

Ρ

pabula 452

Pallas 14, 61

9211021 236

92110111 201

pallentia 78

pallere 277

Paphiae 593

par 464

9210110 628

92101111 583

9211 624

pars 76, 185 bis, 394,
414, 439, 469 bis

92151112 622, 623

92110111 521

921105 359
parua 313
paruas 370
parui 188, 594
9211115 256, 549
paruum 589
pascere 224
pasceret 446
925011 219
92500111 622
9210111 180

patenti 163, 549

pater 57, 596; -que
629

patere 404

pati 247

92110115 420

9211011112 409

92110111 626

92111 61

pauidum 463

paulatim 477, 485 ;

-que 497
pauper 617
pax 68, 280, 356

